<?xml version="1.0"?>
<opencv_storage>
<keypoints type_id="opencv-matrix">
  <rows>40</rows>
  <cols>7</cols>
  <dt>d</dt>
  <data>
    1095.541259765625 906.37261962890625 2.1003296375274658
    95.2059326171875 0.060541409999132156 11338239. -1. 1101.185546875
    902.23828125 8.1961431503295898 93.27386474609375
    0.062333427369594574 9568513. -1. 1101.185546875 902.23828125
    8.1961431503295898 219.2135009765625 0.062333427369594574 9568513.
    -1. 1120.4989013671875 906.33660888671875 2.6190726757049561
    86.972076416015625 0.048015937209129333 10552063. -1.
    1128.6572265625 868.9915771484375 2.2169902324676514
    229.34524536132813 0.040170654654502869 15204863. -1.
    1132.3494873046875 918.06646728515625 3.2171800136566162
    126.50221252441406 0.061989571899175644 8717311. -1.
    1132.3494873046875 918.06646728515625 3.2171800136566162
    217.18269348144531 0.061989571899175644 8717311. -1.
    1137.9410400390625 911.1829833984375 2.1517560482025146
    228.85850524902344 0.035830620676279068 13042175. -1.
    1141.7852783203125 883.908203125 3.984804630279541
    39.423248291015625 0.037001617252826691 7536896. -1. 1142.912109375
    883.70648193359375 2.9844059944152832 38.972137451171875
    0.037611816078424454 3343359. -1. 1143.2872314453125
    917.33807373046875 12.951544761657715 116.87252807617188
    0.055308122187852859 9175809. -1. 1143.779541015625
    883.58209228515625 2.1844642162322998 39.216766357421875
    0.038216836750507355 14156287. -1. 1164.1617431640625
    979.543701171875 2.7501611709594727 170.75987243652344
    0.046925783157348633 14091007. -1. 1165.028564453125
    979.01226806640625 3.9983608722686768 150.88702392578125
    0.045620951801538467 7733504. -1. 1165.028564453125
    979.01226806640625 3.9983608722686768 168.25218200683594
    0.045620951801538467 7733504. -1. 1168.0523681640625
    984.50848388671875 1.8873676061630249 134.06538391113281
    0.038877241313457489 3604991. -1. 1178.6702880859375
    836.191162109375 18.404293060302734 260.09698486328125
    0.052055839449167252 1180162. -1. 1189.0948486328125
    868.0648193359375 2.093951940536499 250.0093994140625
    0.037976343184709549 11076095. -1. 1196.08837890625
    857.8433837890625 1.9899692535400391 160.29702758789063
    0.037417136132717133 7406079. -1. 1202.552734375 1017.298828125
    3.3375873565673828 101.27056884765625 0.048037882894277573 11404287.
    -1. 1202.552734375 1017.298828125 3.3375873565673828
    118.60075378417969 0.048037882894277573 11404287. -1. 1202.923828125
    1016.820068359375 4.0111289024353027 100.76715087890625
    0.047417376190423965 7995648. -1. 1207.5390625 1006.7838745117188
    19.555784225463867 101.4805908203125 0.040031183511018753 5571074.
    -1. 1225.656494140625 923.727783203125 112.03963470458984
    151.68841552734375 0.077698424458503723 14877444. -1.
    1225.656494140625 923.727783203125 112.03963470458984
    355.30807495117188 0.077698424458503723 14877444. -1. 1250.4765625
    1006.8895874023438 18.439512252807617 59.790374755859375
    0.039104979485273361 1311234. -1. 1253.5133056640625
    1014.4085693359375 7.2908425331115723 59.156982421875
    0.041737183928489685 1048833. -1. 1254.6683349609375
    1017.3566284179688 3.2296550273895264 79.81915283203125
    0.048633445054292679 9044991. -1. 1274.5589599609375
    966.64337158203125 635.1251220703125 26.2640380859375
    0.01761513389647007 6685191. -1. 1274.5589599609375
    966.64337158203125 635.1251220703125 158.64962768554688
    0.01761513389647007 6685191. -1. 1274.5589599609375
    966.64337158203125 635.1251220703125 237.44570922851563
    0.01761513389647007 6685191. -1. 1277.657470703125
    825.94537353515625 3.1707391738891602 22.637176513671875
    0.064526453614234924 7668735. -1. 1277.657470703125
    825.94537353515625 3.1707391738891602 273.9561767578125
    0.064526453614234924 7668735. -1. 1290.9007568359375
    950.959716796875 2.2483799457550049 0.174560546875
    0.03651849552989006 16253439. -1. 1290.965087890625 955.016845703125
    2.1866209506988525 359.84588623046875 0.034395284950733185 14221823.
    -1. 1291.071044921875 932.6697998046875 1.903389573097229
    2.574493408203125 0.033025000244379044 4194815. -1.
    1307.863037109375 916.3370361328125 15.765240669250488
    55.841552734375 0.055680647492408752 6684930. -1. 1307.863037109375
    916.3370361328125 15.765240669250488 322.2606201171875
    0.055680647492408752 6684930. -1. 1316.515869140625 922.40087890625
    1.979251503944397 60.03302001953125 0.036646254360675812 7012863.
    -1. 1322.8951416015625 918.17144775390625 2.1135568618774414
    318.9725341796875 0.066840104758739471 11796991. -1.</data></keypoints>
