<?xml version="1.0"?>
<opencv_storage>
<keypoints type_id="opencv-matrix">
  <rows>51</rows>
  <cols>7</cols>
  <dt>d</dt>
  <data>
    1099.2198486328125 903.78143310546875 6.6240954399108887
    93.902923583984375 0.06398763507604599 10814208. -1.
    1099.2198486328125 903.78143310546875 6.6240954399108887
    218.09312438964844 0.06398763507604599 10814208. -1.
    1104.366455078125 901.65435791015625 10.730135917663574 92.0546875
    0.06048208475112915 12321281. -1. 1104.366455078125
    901.65435791015625 10.730135917663574 220.12786865234375
    0.06048208475112915 12321281. -1. 1120.20458984375 905.891357421875
    3.8769843578338623 61.30621337890625 0.046022269874811172 5505280.
    -1. 1120.20458984375 905.891357421875 3.8769843578338623
    79.94879150390625 0.046022269874811172 5505280. -1.
    1120.461669921875 906.8072509765625 2.7684834003448486 54.6572265625
    0.047453675419092178 14615295. -1. 1120.461669921875
    906.8072509765625 2.7684834003448486 85.033966064453125
    0.047453675419092178 14615295. -1. 1128.644287109375
    869.94769287109375 2.6352996826171875 229.80168151855469
    0.038297243416309357 11010815. -1. 1132.186767578125
    918.61907958984375 3.0704066753387451 128.07876586914063
    0.062593609094619751 5374975. -1. 1132.186767578125
    918.61907958984375 3.0704066753387451 216.42912292480469
    0.062593609094619751 5374975. -1. 1135.76318359375 918.16455078125
    6.3411612510681152 127.23666381835938 0.057343337684869766 7668480.
    -1. 1135.76318359375 918.16455078125 6.3411612510681152
    218.07003784179688 0.057343337684869766 7668480. -1.
    1143.1839599609375 884.283935546875 2.7001407146453857
    39.923095703125 0.038842849433422089 12780287. -1.
    1143.3101806640625 917.9005126953125 12.93901252746582
    118.20504760742188 0.055095404386520386 9110273. -1.
    1143.3101806640625 917.9005126953125 12.93901252746582
    218.47096252441406 0.055095404386520386 9110273. -1.
    1147.8651123046875 928.847412109375 2.5305633544921875
    107.43460083007813 0.041739717125892639 8061695. -1.
    1148.2088623046875 927.8292236328125 3.9134087562561035
    109.53886413574219 0.041079830378293991 6226176. -1.
    1156.0726318359375 893.57525634765625 2.1080472469329834
    223.08468627929688 0.035193048417568207 11600383. -1.
    1163.492919921875 834.343505859375 1.8287142515182495
    219.73635864257813 0.04101315513253212 1311231. -1. 1164.5029296875
    980.01025390625 3.1693105697631836 146.892333984375
    0.047304444015026093 7668735. -1. 1164.5029296875 980.01025390625
    3.1693105697631836 167.55633544921875 0.047304444015026093 7668735.
    -1. 1164.92626953125 979.6619873046875 3.7737393379211426
    147.61700439453125 0.046365175396203995 3604736. -1.
    1172.8243408203125 976.18096923828125 15.469766616821289
    153.89619445800781 0.038584943860769272 5374210. -1.
    1176.65576171875 993.473388671875 1.9425028562545776
    134.18769836425781 0.039482451975345612 5702143. -1. 1178.4541015625
    836.9248046875 18.136297225952148 260.39013671875
    0.052073877304792404 131586. -1. 1190.4227294921875
    868.12359619140625 2.0924825668334961 250.62274169921875
    0.039673496037721634 11076095. -1. 1196.1510009765625
    858.50323486328125 2.0292563438415527 160.24900817871094
    0.036994453519582748 8847871. -1. 1202.04296875 1018.3388671875
    2.2125420570373535 100.053466796875 0.050593197345733643 15073791.
    -1. 1202.74462890625 1017.0360107421875 4.058173656463623
    98.307647705078125 0.048118606209754944 8847616. -1.
    1225.6529541015625 924.36212158203125 111.84075927734375
    151.64517211914063 0.077730320394039154 14746372. -1.
    1225.6529541015625 924.36212158203125 111.84075927734375
    358.522705078125 0.077730320394039154 14746372. -1. 1261.4326171875
    1012.426025390625 2.0017151832580566 43.63275146484375
    0.040628988295793533 7864831. -1. 1271.37255859375
    830.51470947265625 8.6658554077148438 24.438140869140625
    0.057025916874408722 13566209. -1. 1271.37255859375
    830.51470947265625 8.6658554077148438 273.45172119140625
    0.057025916874408722 13566209. -1. 1272.62451171875
    966.00860595703125 633.02545166015625 24.0908203125
    0.017619876191020012 6423047. -1. 1272.62451171875
    966.00860595703125 633.02545166015625 158.65267944335938
    0.017619876191020012 6423047. -1. 1272.62451171875
    966.00860595703125 633.02545166015625 237.42364501953125
    0.017619876191020012 6423047. -1. 1277.5738525390625
    826.63275146484375 3.1113801002502441 21.555633544921875
    0.065987750887870789 6358015. -1. 1277.5738525390625
    826.63275146484375 3.1113801002502441 274.29095458984375
    0.065987750887870789 6358015. -1. 1290.485107421875
    982.4005126953125 2.7670173645019531 13.9471435546875
    0.046550620347261429 14549759. -1. 1290.485107421875
    982.4005126953125 2.7670173645019531 31.762939453125
    0.046550620347261429 14549759. -1. 1290.947265625 955.5428466796875
    2.2301821708679199 359.86495971679688 0.034778311848640442 15663615.
    -1. 1290.984130859375 958.80908203125 2.0244736671447754
    0.283782958984375 0.034813541918992996 8651263. -1. 1305.765625
    929.089111328125 2.4090290069580078 72.71759033203125
    0.045147337019443512 4522751. -1. 1307.9296875 916.9501953125
    15.710246086120605 55.86102294921875 0.055621795356273651 6488322.
    -1. 1307.9296875 916.9501953125 15.710246086120605
    321.47418212890625 0.055621795356273651 6488322. -1.
    1321.72998046875 918.6678466796875 3.1256067752838135
    54.0081787109375 0.064201302826404572 6685695. -1. 1321.72998046875
    918.6678466796875 3.1256067752838135 320.67987060546875
    0.064201302826404572 6685695. -1. 1322.78759765625 918.84033203125
    2.166353702545166 55.63739013671875 0.064663760364055634 13566463.
    -1. 1322.78759765625 918.84033203125 2.166353702545166
    322.14459228515625 0.064663760364055634 13566463. -1.</data></keypoints>
